149514698745.898930 	 -9370114.248597 
149518013083.801880 	 -9373344994.971325 
148933660377.976750 	 -18700583583.074532 
147767291863.767790 	 -27954818110.193413 
146026732808.729890 	 -37100490122.039200 
143721872003.513060 	 -46102850646.059692 
140864577541.401000 	 -54928058489.158264 
137468612992.225770 	 -63543274316.967361 
133549551973.645260 	 -71916748202.702347 
129124691321.935750 	 -80017900384.231949 
124212963292.979250 	 -87817395440.353317 
118834847208.739410 	 -95287210236.373901 
113012280905.647720 	 -102400696039.114490 
106768572274.536610 	 -109132635219.100920 
100128311115.543980 	 -115459292959.532490 
93117281468.415756 	 -121358464383.485890 
85762374519.813263 	 -126809517495.426390 
78091502135.053757 	 -131793432311.940890 
70133511012.331848 	 -136292836530.753880 
61918097412.955528 	 -140292038057.236820 
53475722381.494522 	 -143777054674.485810 
44837527334.919724 	 -146735641107.052670 
36035249869.756691 	 -149157313690.068080 
27101139610.933903 	 -151033372815.126280 
18067873905.316620 	 -152356923282.221130 
8968473146.858496 	 -153122892643.479160 
-163784491.115979 	 -153328047579.749850 
-9295449147.745037 	 -152971008305.333920 
-18392986423.837784 	 -152052260949.675960 
-27422865851.705971 	 -150574167555.515290 
-36351650855.676010 	 -148540973962.135040 
-45146090299.251762 	 -145958816278.176640 
-53773212131.161011 	 -142835723158.917940 
-62200419043.800262 	 -139181615626.048070 
-70395586343.931290 	 -135008303593.189320 
-78327162139.898560 	 -130329478695.077350 
-85964269903.958282 	 -125160703002.127760 
-93276813419.271957 	 -119519393163.245030 
-100235584065.333650 	 -113424799484.513050 
-106812370333.054430 	 -106897979420.802540 
-112980069391.417070 	 -99961764932.291245 
-118712800451.778310 	 -92640723139.448425 
-123986019593.922810 	 -84961109699.208420 
-128776635630.585480 	 -76950814322.683029 
-133063126495.587540 	 -68639297861.125648 
-136825655547.382550 	 -60057520400.603867 
-140046187090.363400 	 -51237859820.881264 
-142708600348.618680 	 -42214020268.231308 
-144798801156.727810 	 -33020929882.811497 
-146304831203.873110 	 -23694626568.098431 
-147216979517.770570 	 -14272128664.012913 
-147527924198.488710 	 -4791310627.800883 
-147232737378.049930 	 4709144406.679913 
-146328869725.394100 	 14190064923.413742 
-144816413424.797910 	 23611928114.309338 
-142698121378.809270 	 32934982389.101963 
-139979436559.859280 	 42119441330.310158 
-136668523490.603530 	 51125680146.629135 
-132776286727.380310 	 59914436724.308266 
-128316373428.154850 	 68447017652.518951 
-123305158642.266370 	 76685508171.962341 
-117761712348.729980 	 84592984497.372955 
-111707747511.361890 	 92133726707.418320 
-105167548652.961120 	 99273430223.270676 
-98167880701.575699 	 105979413773.711550 
-90737878131.972885 	 112220821662.758160 
-82908914711.381119 	 117968818115.783540 
-74714454454.650436 	 123196771483.940890 
-66189884693.302879 	 127880426136.218990 
-57372332457.829140 	 131998059964.453870 
-48300465655.066032 	 135530625568.655550 
-39014280784.564735 	 138461873376.044710 
-29554879171.874279 	 140778455173.769990 
-19964233895.662498 	 142470006797.426570 
-10284949743.591503 	 143529209008.927060 
-560018644.144062 	 143951825910.681030 
9167426915.060625 	 143736720570.179570 
18854359959.138977 	 142885847861.386690 
28458102102.371754 	 141404224857.982940 
37936561229.983139 	 139299879430.011750 
47248461517.915024 	 136583777991.806230 
56353563695.815063 	 133269733618.218290 
65212873677.987473 	 129374296117.507200 
73788837937.912079 	 124916626001.205020 
82045524026.829773 	 119918351856.897550 
89948785436.809525 	 114403416756.542590 
97466409762.628799 	 108397913480.892460 
104568249609.158950 	 101929910835.195280 
111226335946.433200 	 95029273200.992569 
117414973855.611600 	 87727475291.537979 
123110820843.208150 	 80057413999.902451 
128292948112.746400 	 72053219123.162323 
132942885369.792970 	 63750064618.758919 
137044649896.767090 	 55183981906.572296 
140584760768.556550 	 46391676581.118141 
143552239193.856200 	 37410349757.736702 
145938596081.109130 	 28277525184.666847 
147737808148.189700 	 19030883357.369606 
148946284997.233400 	 9708104886.095617 
149562840577.547000 	 346729356.747561 
149588702246.847660 	 -9016033453.923418 
149027232659.856080 	 -18343500950.431385 
147883956103.983000 	 -27599438860.288128 
146166598435.792270 	 -36748303081.522003 
143884952943.890930 	 -45755357419.607178 
141050792185.930760 	 -54586768784.301720 
137677783971.926060 	 -63209700550.701164 
133781406134.450910 	 -71592399957.630234 
129378859951.973020 	 -79704278863.948639 
124488982603.007220 	 -87515987973.535126 
119132159055.834270 	 -94999484848.528992 
113330233748.635530 	 -102128096099.322390 
107106422350.511580 	 -108876574163.716580 
100485223828.454090 	 -115221149091.955640 
93492332982.637939 	 -121139575747.399990 
86154553553.743347 	 -126611176817.920070 
78499711951.861450 	 -131616882012.419890 
70556571607.183960 	 -136139263791.436290 
62354747898.133087 	 -140162569951.246090 
53924623572.892014 	 -143672753348.084290 
45297264545.414261 	 -146657499013.393950 
36504335916.832298 	 -149106248872.939330 
27578018047.730999 	 -151010224242.532870 
18550922485.917831 	 -152362446231.305480 
9456007538.112919 	 -153157754140.167720 
326493262.366748 	 -153392821898.657170 
-8804224348.949301 	 -153066172537.874050 
-17902660227.988731 	 -152178190650.938050 
-26935328363.601227 	 -150731132730.209840 
-35868831486.565567 	 -148729134702.100160 
-44669952305.555740 	 -146178218434.075130 
-53305746725.338394 	 -143086294742.708340 
-61743639163.848839 	 -139463163117.907410 
-69951520039.006531 	 -135320508457.909070 
-77897845560.196533 	 -130671894142.492950 
-85551739885.405396 	 -125532751030.052920 
-92883099656.551392 	 -119920361925.257860 
-99862700870.406143 	 -113853841028.765290 
-106462307980.611820 	 -107354107849.691090 
-112654785057.682050 	 -100443855036.284670 
-118414208758.709660 	 -93147509561.541443 
-123715982777.186630 	 -85491186689.342102 
-128536953356.492610 	 -77502636144.107330 
-132855525359.304790 	 -69211179913.372482 
-136651778291.349170 	 -60647641127.585464 
-139907581585.669620 	 -51844263480.800850 
-142606708374.502780 	 -42834620665.350647 
-144734946954.193020 	 -33653515240.161064 
-146280209415.922000 	 -24336866024.463997 
-147232639211.189790 	 -14921581689.040998 
-147584737328.867800 	 -5445422192.878333 
-147331457561.466160 	 4053061545.590234 
-146470095862.946080 	 13534743263.360395 
-145000541442.642940 	 22960177494.899921 
-142925353034.037350 	 32289680604.015099 
-140249774119.424380 	 41483518554.249512 
-136981762935.534010 	 50502103937.565453 
-133132011634.567210 	 59306196533.626045 
-128713949961.009000 	 67857108600.296844 
-123743731840.871770 	 76116914094.203857 
-118240203854.685970 	 84048660353.678726 
-112224854838.256700 	 91616580475.649429 
-105721746094.367830 	 98786304431.837402 
-98757421948.955414 	 105525066840.050370 
-91360800653.530991 	 111801909220.456130 
-83563045919.609329 	 117587874523.128050 
-75397419665.293777 	 122856191713.348240 
-66899116852.258720 	 127582448246.809190 
-58105083585.632431 	 131744748358.844790 
-49053819931.804810 	 135323855229.675520 
-39785169171.996498 	 138303315269.582430 
-30340095444.898033 	 140669562990.482330 
-20760451932.824421 	 142412005188.800050 
-11088741906.590591 	 143523083452.629520 
-1367875059.911663 	 143998314316.768520 
8359078368.770463 	 143836306714.121550 
18049133172.278870 	 143038756702.774480 
27659631967.196125 	 141610419775.882420 
37148482803.688904 	 139559061377.940980 
46474389321.160164 	 136895386548.059430 
55597071346.865578 	 133632949881.313100 
64477474038.495781 	 129788047237.215040 
73077963955.825516 	 125379591295.091140 
81362510518.379715 	 120428971527.522710 
89296851730.171005 	 114959900763.978160 
96848643499.510864 	 108998252163.569660 
103987591746.127980 	 102571886672.950560 
110685567027.984250 	 95710473562.223801 
116916701609.788740 	 88445306007.082626 
122657469129.866380 	 80809113607.173187 
127886747235.007460 	 72835873627.480957 
132585863741.148380 	 64560622624.068909 
136738627039.619900 	 56019269973.713135 
140331341604.264620 	 47248414676.206131 
143352809566.907040 	 38285166649.590912 
145794319429.524410 	 29166973617.192272 
147649623124.315460 	 19931454671.233067 
148914903141.241580 	 10616242038.649210 
149588735391.404140 	 1258835123.384764 
149672086117.187530 	 -8103542659.897027 
149168188419.655730 	 -17434201845.809059 
148082320231.199010 	 -26696939828.782585 
146421973255.308810 	 -35856179770.229034 
144196724489.654330 	 -44877147012.668991 
141418135872.565520 	 -53725960532.956520 
138099669459.845340 	 -62369725209.608170 
134256602398.026170 	 -70776619308.218414 
129905940655.572570 	 -78915975589.461548 
125066331773.007250 	 -86758355948.116669 
119757977018.515060 	 -94275619846.417862 
114002543303.815690 	 -101440986910.746870 
107823075154.946520 	 -108229094096.137680 
101243906968.312550 	 -114616047831.803850 
94290575719.861954 	 -120579471556.104870 
86989734236.514175 	 -126098549035.929610 
79369065084.597458 	 -131154063845.683690 
71457195080.425934 	 -135728435356.268230 
63283610383.293259 	 -139805751555.518620 
54878572091.133896 	 -143371798989.224270 
46273032223.856186 	 -146414090076.623660 
37498549948.832809 	 -148921888016.599120 
28587207877.178833 	 -150886229461.088590 
19571528238.213589 	 -152299945090.768160 
10484388722.855640 	 -153157678185.125430 
1358937774.636498 	 -153455901234.888280 
-7771490900.431980 	 -153192930599.610530 
-16873464836.671570 	 -152368939167.195430 
-25913540553.755890 	 -150985966925.603640 
-34858352779.036377 	 -149047929169.676150 
-43674705369.953400 	 -146560622018.021910 
-52329663964.503380 	 -143531726843.251190 
-60790650815.363541 	 -139970810164.842290 
-69025541769.789734 	 -135889320703.149690 
-77002765529.007553 	 -131300582920.409810 
-84691405261.216324 	 -126219786549.173100 
-92061302586.712631 	 -120663971660.990040 
-99083163899.525742 	 -114652008792.584380 
-105728668929.124150 	 -108204573615.573640 
-111970581378.211290 	 -101344115609.966280 
-117782861398.534330 	 -94094820182.241501 
-123140779586.323030 	 -86482563656.880249 
-128021032093.030320 	 -78534860566.755630 
-132401856356.359650 	 -70280802673.557434 
-136263146862.727710 	 -61750989164.406601 
-139586570258.236300 	 -52977447492.787888 
-142355679038.302800 	 -43993544352.044571 
-144556022990.892520 	 -34833886256.292824 
-146175257658.261230 	 -25534209035.213337 
-147203250054.076900 	 -16131254719.768686 
-147632190293.562260 	 -6662632488.958619 
-147456728952.863830 	 2833290051.667493 
-146673905219.397770 	 12317476050.508261 
-145283244853.938350 	 21750559539.956841 
-143286951265.578950 	 31092936768.120316 
-140689908931.431820 	 40304925841.888763 
-137499709102.199400 	 49346964494.349281 
-133726670067.834110 	 58179810156.020134 
-129383842825.532010 	 66764744311.863754 
-124486999976.859130 	 75063780810.509476 
-119054606709.414760 	 83039876802.920364 
-113107773060.296940 	 90657144604.265274 
-106670186909.318890 	 97881062561.078003 
-99768027400.333328 	 104678682865.235670 
-92429858754.863586 	 111018834163.218670 
-84686504723.559967 	 116872316759.216060 
-76570904213.253387 	 122212088204.497760 
-68117948924.191460 	 127013437104.574800 
-59364304126.043777 	 131254143060.883190 
-50348213984.661201 	 134914620794.784090 
-41109293116.413902 	 137978046676.934360 
-31688306285.582409 	 140430466101.341310 
-22126938365.672688 	 142260880396.102690 
-12467556851.492397 	 143461312245.999690 
-2752969330.453287 	 144026848908.669770 
6973821604.719830 	 143955662828.136020 
16669863495.818388 	 143249009578.527280 
26292496731.737038 	 141911203398.186890 
35799592429.095016 	 139949570891.565340 
45149783197.073479 	 137374383775.235310 
54302684665.044281 	 134198771817.884090 
63219105849.897301 	 130438617366.015870 
71861246674.012970 	 126112433100.819380 
80192881266.576462 	 121241225381.903260 
88179525544.211823 	 115848342545.626310 
95788588581.974625 	 109959313397.813350 
102989506966.805680 	 103601676562.099440 
109753861724.957670 	 96804802375.425690 
116055477742.781220 	 89599709558.279266 
121870505803.394530 	 82018878555.517090 
127177487577.251270 	 74096063344.527451 
131957404095.803760 	 65866103385.226608 
136193708402.452270 	 57364737246.616180 
139872343213.342190 	 48628419293.800926 
142981744533.885310 	 39694140666.079666 
145512832271.820620 	 30599255636.841644 
147458988990.472410 	 21381314362.253841 
148816028189.060940 	 12077903159.749748 
149582154865.273590 	 2726494578.849406 
149757934696.515230 	 -6635687535.948484 
149346287117.408330 	 -15971866450.088249 
148352188337.426150 	 -25245859547.305092 
146782747272.415190 	 -34422024660.839653 
144647200728.475370 	 -43465497635.637703 
141956783897.976960 	 -52342295043.332565 
138724642192.449160 	 -61019403875.045586 
134965746245.537320 	 -69464869101.139145 
130696805986.785520 	 -77647875426.209015 
125936183731.793980 	 -85538822693.305588 
120703806631.165600 	 -93109395087.752945 
115021078831.000110 	 -100332624474.281050 
108910793646.301360 	 -107182948258.896270 
102397045986.365800 	 -113636262183.664860 
95505145209.030487 	 -119669968461.363560 
88261528521.649948 	 -125263019645.527360 
80693674991.880753 	 -130395958612.965070 
72830020181.160751 	 -135050955012.029880 
64699871368.342575 	 -139211838501.845250 
56333323290.300659 	 -142864129076.024200 
47761174290.445793 	 -145995064729.831850 
39014842734.918228 	 -148593626692.613250 
30126283529.720871 	 -150650562408.100400 
21127904550.131313 	 -152158406404.198000 
12052482776.400354 	 -153111499151.357540 
2933079916.952289 	 -153506003964.849060 
-6197042707.897552 	 -153339921961.448760 
-15304510252.250139 	 -152613105035.375370 
-24355921630.320599 	 -151327266772.029050 
-33317938224.837620 	 -149485991171.401120 
-42157374255.117500 	 -147094738658.485200 
-50841288943.507133 	 -144160849949.485080 
-59337080634.963638 	 -140693547762.228060 
-67612583164.649559 	 -136703934016.009370 
-75636164452.180634 	 -132204984044.889130 
-83376827433.287476 	 -127211536894.663270 
-90804313356.790665 	 -121740281255.987090 
-97889207421.460236 	 -115809736558.715030 
-104603046667.953050 	 -109440228720.616060 
-110918429974.943760 	 -102653860016.921460 
-116809129935.929020 	 -95474472516.634766 
-122250206314.267210 	 -87927604518.319443 
-127218120689.328980 	 -80040439413.177368 
-131690851816.960770 	 -71841746407.629013 
-135648011134.067930 	 -63361812551.638344 
-139070957742.185210 	 -54632365541.805565 
-141942912113.085110 	 -45686486794.781364 
-144249067684.140530 	 -36558514299.074936 
-145976699505.617000 	 -27283934686.377842 
-147115269461.007510 	 -17899263550.621857 
-147656530655.853880 	 -8441911329.178836 
-147594654573.177250 	 1049958515.126781 
-146926290042.896000 	 10537485784.255480 
-145650474690.505370 	 19981376672.018280 
-143768889809.800110 	 29342120387.046429 
-141285901903.245570 	 38580092128.482613 
-138208575806.032930 	 47655747433.395134 
-134546695560.510530 	 56529822110.946388 
-130312772795.311970 	 65163535551.153229 
-125522038880.368230 	 73518797936.052231 
-120192419455.861940 	 81558420298.926590 
-114344490449.478380 	 89246325827.262817 
-108001414975.925200 	 96547760545.811783 
-101188860766.063310 	 103429501356.965710 
-93934898036.345032 	 109860059311.557170 
-86269877987.285080 	 115809875924.039870 
-78226292409.309113 	 121251510330.857010 
-69838615169.616959 	 126159815120.627750 
-61143126647.650772 	 130512098740.525300 
-52177722471.641182 	 134288272504.818370 
-42981708176.678070 	 137470980397.560240 
-33595581648.093761 	 140045710068.984100 
-24060805425.530632 	 142000883670.039460 
-14419571116.540800 	 143327927445.923000 
-4714558298.776823 	 144021319310.685520 
5011309627.044570 	 144078613943.241940 
14715110137.444523 	 143500445272.020720 
24354164359.987457 	 142290506542.502200 
33886275505.972919 	 140455508480.403530 
43269960658.873329 	 138005116365.205110 
52464673769.118866 	 134951867106.716370 
61431017896.546036 	 131311067665.030810 
70130944963.202133 	 127100676366.468150 
78527941555.042892 	 122341169045.851590 
86587199546.810226 	 117055391891.481110 
94275770296.262268 	 111268400981.039470 
101562702262.207120 	 105007294154.233280 
108419161260.220900 	 98301034772.363876 
114818533258.429700 	 91180269785.803726 
120736509800.032010 	 83677144095.901657 
126151156346.416980 	 75825113023.843719 
131042964030.303390 	 67658754581.456001 
135394885478.027310 	 59213583102.519699 
139192355503.155330 	 50525865643.792717 
142423297590.501920 	 41632442409.593048 
145078117184.124390 	 32570552303.155540 
147149682877.768950 	 23377664585.289753 
148633296735.921300 	 14091317600.148987 
149526655467.390440 	 4748965922.911861 
149829807930.364780 	 -4612160492.202584 
149545144551.760470 	 -13955194394.007021 
148677276627.018400 	 -23243877081.137863 
147232808948.153380 	 -32442512717.855515 
145220502461.851380 	 -41516097602.738091 
142651146913.636170 	 -50430493263.631310 
139537458330.447940 	 -59152512009.351379 
135893993178.417020 	 -67650003842.694237 
131737062739.807480 	 -75891939010.704178 
127084646583.576480 	 -83848484492.225067 
121956305341.987430 	 -91491074317.829666 
116373093132.454740 	 -98792473985.093689 
110357469933.247860 	 -105726839336.932340 
103933214163.821440 	 -112269770302.631410 
97125335659.090485 	 -118398359906.145220 
89959989167.669479 	 -124091238937.960280 
82464388448.636444 	 -129328616670.345780 
74666720990.419205 	 -134092317973.423250 
66596063329.099052 	 -138365817162.532960 
58282296901.904335 	 -142134268876.657710 
49756024334.880615 	 -145384536253.842100 
41048486031.632950 	 -148105216633.169070 
32191476902.601288 	 -150286664974.222200 
23217263051.469032 	 -151921015144.559970 
14158498217.011654 	 -153002199183.692320 
5048139754.915889 	 -153525964608.767400 
-4080636065.106214 	 -153489889782.751560 
-13194519676.203186 	 -152893397320.604520 
-22260154974.484768 	 -151737765463.001430 
-31244227446.664436 	 -150026137300.712980 
-40113553880.052147 	 -147763527679.537410 
-48835173883.360252 	 -144956827029.714170 
-57376443297.311752 	 -141614803714.108980 
-65705129747.530418 	 -137748102727.772980 
-73789510461.349487 	 -133369240440.947050 
-81598472383.239029 	 -128492595885.817600 
-89101614646.382874 	 -123134397800.148560 
-96269353388.091782 	 -117312706962.780490 
-103073028839.202330 	 -111047393323.181200 
-109485014553.378200 	 -104360107399.332050 
-115478828571.447910 	 -97274245396.272522 
-121029246238.763600 	 -89814907482.672653 
-126112414310.515670 	 -82008848655.973358 
-130705965891.661470 	 -73884421628.930206 
-134789135665.651470 	 -65471511182.558998 
-138342874771.132780 	 -56801459452.405022 
-141349964591.331270 	 -47906981644.359589 
-143795128634.224790 	 -38822071703.536018 
-145665141627.511540 	 -29581897451.635109 
-146948935045.342440 	 -20222684536.245735 
-147637699281.840820 	 -10781587662.338766 
-147724991394.394070 	 -1296545739.391481 
-147206866457.736820 	 8193830941.869182 
-146081799976.050050 	 17650357491.724449 
-144350785187.060760 	 27033614237.137882 
-142017509728.695280 	 36304045735.912231 
-139088353825.224370 	 45422125162.406265 
-135572408096.708160 	 54348554532.145119 
-131481484925.497890 	 63044467068.182388 
-126830114706.306290 	 71471633149.645279 
-121635524906.557100 	 79592669320.808640 
-115917600892.201020 	 87371248934.735107 
-109698827832.840390 	 94772312650.247299 
-103004213265.428670 	 101762276809.070050 
-95861190158.004181 	 108309237599.164170 
-88299500589.315796 	 114383168838.535260 
-80351060446.549957 	 119956111186.777210 
-72049805836.771240 	 125002350609.516660 
-63431522201.496254 	 129498583984.497730 
-54533657410.579605 	 133424069847.478590 
-45395120383.466743 	 136760762430.256670 
-36056067035.171158 	 139493427339.572540 
-26557675563.777840 	 141609737460.363400 
-16941913279.322575 	 143100347934.605680 
-7251297315.084113 	 143958949361.229830 
2471348342.493152 	 144182298675.860720 
12183137022.532141 	 143770227493.227600 
21841362257.628178 	 142725628021.484590 
31403736963.802696 	 141054416977.822050 
40828626584.672424 	 138765478240.445830 
50075274014.537720 	 135870585255.689990 
59104014295.899536 	 132384304474.086900 
67876477299.972534 	 128323881310.238040 
76355776837.286453 	 123709110304.148120 
84506684973.298691 	 118562191719.746200 
92295790363.376907 	 112907575560.324570 
99691639796.059982 	 106771794679.750110 
106664862859.010790 	 100183291371.064910 
113188279125.752590 	 93172237217.637604 
119236987980.039410 	 85770348740.604294 
124788441315.915150 	 78010700685.112854 
129822499551.168260 	 69927538667.281387 
134321471567.874650 	 61556092772.209663 
138270139343.130740 	 52932393546.953156 
141655768155.849790 	 44093091677.193512 
144468103353.542540 	 35075282480.235268 
146699354742.653380 	 25916336203.435574 
148344169750.195160 	 16653735020.825123 
149399596700.579900 	 7324917695.705673 
149865040591.109770 	 -2032866312.925142 
149742223291.612760 	 -11382688734.087587 
149035178527.286100 	 -20688114713.355808 
147749989077.906950 	 -29913385691.151752 
